          6                0.00         0
         15                3.48         6
          4                2.29        15
          7                1.86        15
         14                1.75         7
          5                1.73         4
         10                2.48         5
         12                1.80         5
         16                1.70         7
          8                1.59         6
         13                1.93         8
          1                1.52         5
          3                1.50         6
          2                1.37         5
         11                1.20        16
          9                1.09        10
